5215515321922
5218135914915
5218180142776
5218115258088
5215533899946
5215538049824
5215542600843
5219131395189
5219181248394
5219612992755
5219612989358
5219131395518
5219181596131
5219182171878
5219186945803
5219131397627
5219141584798
5219181595765
5219181594265
5219181251379
5219814235744
5219711690923
5219711557160
5218442597682
5218361005717
5218342528631
5218136348665
5218114836015
5217721348809
5217331278759
5217223889502
5216951195824
5216651368356
5216641789497
5216581094343
5216533187101
5215655277584
5215639833825
5219814235744
5219711690923
5219711548114
5219711522932
5219711506899
5219711411685
5219711036735
5219711006585
5219673235222
5219673214405
5219673208212
5219671930358
5219671679264
5219671587984
5219671581801
5219671553550
5219671550350
5219652468180
5219642399734
5219631807244
5219631729797
5219631294658
5219631293649
5219631020191
5219624202655
5219613318326
5219613307063
5219613269838
5219613193567
5219612992755
5219612989358
5219186482985
5219182172593
5219182171878
5219181596131
5219181595378
5219181591297
5218451188563
5212296981091
5214533291348
5214539994710
5215514225030
5215514271665
5216641516905
5216634304954
5216634292824
5216632075160
5216631251261
5216463416486
5216463415945
5216462892390
5216462560139
5216641681760
5215533577675
5215523796025
5215515321922
5215514271665
5215514225030
5214539997506
5212296981091
5214533293609
5214533291348
5219711754160
5219711548114
5219711522932
5219711411685
5219711036735
5219711006585
5219673235222
5219673208212
5219671679264
5219671617568
5219671614021
5219671594854
5219671587984
5219671553550
5219671550350
5219642399734
5219631811294
5219631810905
5219631779375
5219631734240
5219631729797
5219631728916
5219631294658
5219631293649
5219631020191
5219624586274
5219624482380
5219613328295
5219613307063
5216161343038
5216461034514
5213329645877
5213334613482
5213318788076
5218135914915
5218112493489
5216864275866
5216651468177
5216647292475
5216647289951
5216647268776
5216647262465
5216647261773
5216647255001
5216647254851
5216647252101
5216647246301
5216647245451
5216647242251
5216647241951
5216647239626
5216647239151
5216646992272
5216646664733
5216646947646
5216645831625
5216645828625
5216645706926
5216644924786
5216644924298
5216642627642
5216642368006
5216642339012
5216642172636
5219621291201
5219621290221
5219621290103
5219191221869
5217341552239
5217341364260
5217341355679
5215619465280
5215619462837
5215619462780
5215616761085
5215616571154
5215616498667
5215571938339
5215564000559
5215568985722
5215570610896
5215570631388
5215570679115
5215570703086
5215571538545
5215571649590
5215571674459
5215528067677
5215530138679
5215530259441
5215532925788
5215532978562
5215533029773
5215533086231
5215533090353
5215533487722
5215538401589
5215546415178
5215571872591
5215575656304
5215585245098
5217297373897
5219192413960
5219192689267
5219622166681
5219622417605
5219633236316
5219633239056
5219633468938
5219673205303